Method name: solve_jacobi
Machine error for IEEE 754 standard ε ≈ 2.2e-16
Convergence: True
Matrix_size: 4
Tolerance: 1e-06
Execution_time_sec: 0.007237911224365234
Cond: 6.258612730978058
Iterations: 24
Absolute_error: 8.659739592076221e-15
Relative_error: 6.16980899598935e-16
